fecha	objective	metric	first_metric_only	boost_from_average	feature_pre_filter	verbosity	seed	max_depth	min_gain_to_split	lambda_l1	lambda_l2	max_bin	num_iterations	force_row_wise	learning_rate	feature_fraction	min_data_in_leaf	num_leaves	prob_corte	ganancia	iteracion
20220427 110249	binary	custom	TRUE	TRUE	FALSE	-100	999983	-1	0	0	0	31	63	TRUE	0.176166898987954	0.394662687275559	6627	653	0.018850843104398	12848000	1
20220427 110309	binary	custom	TRUE	TRUE	FALSE	-100	999983	-1	0	0	0	31	44	TRUE	0.161755608117906	0.786583691006526	4212	790	0.022098105136926	12313000	2
20220427 110326	binary	custom	TRUE	TRUE	FALSE	-100	999983	-1	0	0	0	31	29	TRUE	0.139356104294187	0.681012305384502	4438	117	0.0172771209385246	13288000	3
20220427 110343	binary	custom	TRUE	TRUE	FALSE	-100	999983	-1	0	0	0	31	12	TRUE	0.287727715198998	0.486516772108153	3339	718	0.0390194280228267	9739000	4
20220427 110413	binary	custom	TRUE	TRUE	FALSE	-100	999983	-1	0	0	0	31	22	TRUE	0.186187274164869	0.727291304189712	977	348	0.026932217720605	10451000	5
20220427 110459	binary	custom	TRUE	TRUE	FALSE	-100	999983	-1	0	0	0	31	179	TRUE	0.0517052345735719	0.658014837773517	5197	915	0.0347158403261953	10787000	6
20220427 110526	binary	custom	TRUE	TRUE	FALSE	-100	999983	-1	0	0	0	31	66	TRUE	0.154703422776656	0.582171350074932	5222	394	0.0459045951681522	9101000	7
20220427 110630	binary	custom	TRUE	TRUE	FALSE	-100	999983	-1	0	0	0	31	133	TRUE	0.0613360852259211	0.432304027965292	2327	432	0.0289631940041242	11990000	8
20220427 110708	binary	custom	TRUE	TRUE	FALSE	-100	999983	-1	0	0	0	31	70	TRUE	0.0751442449960159	0.837808049842715	2613	542	0.0320705723832361	11557000	9
20220427 110730	binary	custom	TRUE	TRUE	FALSE	-100	999983	-1	0	0	0	31	37	TRUE	0.198515685237013	0.464486241284758	3618	864	0.029377074741448	11322000	10
20220427 110744	binary	custom	TRUE	TRUE	FALSE	-100	999983	-1	0	0	0	31	47	TRUE	0.218337230034987	0.214131112545729	5812	179	0.0142598132889058	13214000	11
20220427 110801	binary	custom	TRUE	TRUE	FALSE	-100	999983	-1	0	0	0	31	26	TRUE	0.240961304060416	0.301833133148029	3084	317	0.0439174768893281	8321000	12
20220427 110816	binary	custom	TRUE	TRUE	FALSE	-100	999983	-1	0	0	0	31	26	TRUE	0.262354303178843	0.907399072228	7223	931	0.0480624975966445	7218000	13
20220427 110931	binary	custom	TRUE	TRUE	FALSE	-100	999983	-1	0	0	0	31	323	TRUE	0.0243398027936928	0.636686643725261	7190	57	0.0358301300536065	10632000	14
20220427 111013	binary	custom	TRUE	TRUE	FALSE	-100	999983	-1	0	0	0	31	8	TRUE	0.0362355354056926	0.558406170234084	1761	766	0.00886798419815022	11734000	15
20220427 111023	binary	custom	TRUE	TRUE	FALSE	-100	999983	-1	0	0	0	31	21	TRUE	0.253579206595896	0.842421976951882	6272	254	0.0236865169242568	12668000	16
20220427 111122	binary	custom	TRUE	TRUE	FALSE	-100	999983	-1	0	0	0	31	18	TRUE	0.273798089408432	0.320575821083039	97	511	0.0151531805623866	5660000	17
20220427 111216	binary	custom	TRUE	TRUE	FALSE	-100	999983	-1	0	0	0	31	34	TRUE	0.100554131599958	0.963917171740905	680	980	0.0430112770511187	7963000	18
20220427 111235	binary	custom	TRUE	TRUE	FALSE	-100	999983	-1	0	0	0	31	67	TRUE	0.0848798549083294	0.261672900915146	7629	612	0.0396133853272962	10045000	19
20220427 111258	binary	custom	TRUE	TRUE	FALSE	-100	999983	-1	0	0	0	31	21	TRUE	0.117857177726808	0.943947312058881	1525	89	0.0120303182746284	12581000	20
20220427 111319	binary	custom	TRUE	TRUE	FALSE	-100	999983	-1	0	0	0	31	49	TRUE	0.0929291305824227	0.582004587863047	5788	269	0.0109066648932207	12498000	21
20220427 111336	binary	custom	TRUE	TRUE	FALSE	-100	999983	-1	0	0	0	31	47	TRUE	0.176641196129741	0.396348861071489	5926	75	0.0201994521180495	12719000	22
20220427 111434	binary	custom	TRUE	TRUE	FALSE	-100	999983	-1	0	0	0	31	165	TRUE	0.0259858987186996	0.896822482507908	2901	104	0.0161379847296114	13382000	23
20220427 111448	binary	custom	TRUE	TRUE	FALSE	-100	999983	-1	0	0	0	31	29	TRUE	0.21077863292117	0.999584160999685	4480	140	0.0126337119069016	12552000	24
20220427 111516	binary	custom	TRUE	TRUE	FALSE	-100	999983	-1	0	0	0	31	74	TRUE	0.0711578980388026	0.669842311199919	3365	230	0.0167446240592302	13342000	25
20220427 111525	binary	custom	TRUE	TRUE	FALSE	-100	999983	-1	0	0	0	31	16	TRUE	0.299801277819335	0.200199424035083	7380	322	0.0141934738369043	12436000	26
20220427 111700	binary	custom	TRUE	TRUE	FALSE	-100	999983	-1	0	0	0	31	535	TRUE	0.0124596010701375	0.741030615626134	2113	16	0.0187201367241878	13608000	27
20220427 112058	binary	custom	TRUE	TRUE	FALSE	-100	999983	-1	0	0	0	31	1562	TRUE	0.0102918208156383	0.200740129761939	4530	357	0.0165421691470009	13594000	28
20220427 112402	binary	custom	TRUE	TRUE	FALSE	-100	999983	-1	0	0	0	31	1106	TRUE	0.0102798352809747	0.20002178822444	3746	25	0.00881103345666289	12099000	29
20220427 112417	binary	custom	TRUE	TRUE	FALSE	-100	999983	-1	0	0	0	31	43	TRUE	0.148462235669953	0.200032979131697	5128	470	0.0174775071271324	13394000	30
20220427 112725	binary	custom	TRUE	TRUE	FALSE	-100	999983	-1	0	0	0	31	472	TRUE	0.0101941517095533	0.833881443113902	2172	181	0.0189582637403531	13750000	31
20220427 113127	binary	custom	TRUE	TRUE	FALSE	-100	999983	-1	0	0	0	31	906	TRUE	0.0100195722035648	0.620708952471087	4310	292	0.0214871807803658	13125000	32
20220427 113359	binary	custom	TRUE	TRUE	FALSE	-100	999983	-1	0	0	0	31	571	TRUE	0.0110591835941461	0.200393631578771	4717	738	0.0155941943237766	13291000	33
20220427 113540	binary	custom	TRUE	TRUE	FALSE	-100	999983	-1	0	0	0	31	196	TRUE	0.0210394960497218	0.999912667204685	1958	77	0.019799144705622	13169000	34
20220427 113557	binary	custom	TRUE	TRUE	FALSE	-100	999983	-1	0	0	0	31	16	TRUE	0.299951327657209	0.556186049766073	5031	317	0.0167255240385734	12589000	35
20220427 113932	binary	custom	TRUE	TRUE	FALSE	-100	999983	-1	0	0	0	31	1248	TRUE	0.0104669463539258	0.200056629842287	6264	446	0.0172277610178064	13444000	36
20220427 114238	binary	custom	TRUE	TRUE	FALSE	-100	999983	-1	0	0	0	31	423	TRUE	0.0104760699910529	0.766416473049238	2253	189	0.0160929509690888	13906000	37
20220427 114534	binary	custom	TRUE	TRUE	FALSE	-100	999983	-1	0	0	0	31	371	TRUE	0.010060489342653	0.742366679143606	2393	336	0.0166199180182921	13524000	38
20220427 114617	binary	custom	TRUE	TRUE	FALSE	-100	999983	-1	0	0	0	31	90	TRUE	0.0723789655105076	0.749590708481099	2324	150	0.0168907667433344	13739000	39
20220427 114632	binary	custom	TRUE	TRUE	FALSE	-100	999983	-1	0	0	0	31	38	TRUE	0.21610991922131	0.200416633440317	6162	1024	0.0137522880338609	12865000	40
20220427 114841	binary	custom	TRUE	TRUE	FALSE	-100	999983	-1	0	0	0	31	500	TRUE	0.010997171490466	0.200266386422557	5202	208	0.0174709372873997	13486000	41
20220427 115236	binary	custom	TRUE	TRUE	FALSE	-100	999983	-1	0	0	0	31	533	TRUE	0.0101651797284279	0.475304333855335	2300	156	0.0158386087694505	13727000	42
20220427 115508	binary	custom	TRUE	TRUE	FALSE	-100	999983	-1	0	0	0	31	945	TRUE	0.0145806897967923	0.200934143935841	7986	987	0.0139016818349009	13197000	43
20220427 115536	binary	custom	TRUE	TRUE	FALSE	-100	999983	-1	0	0	0	31	14	TRUE	0.03208249569795	0.200116809674978	7072	771	0.00836589945460905	11091000	44
20220427 115652	binary	custom	TRUE	TRUE	FALSE	-100	999983	-1	0	0	0	31	359	TRUE	0.0232854178635811	0.200292980275704	7989	1019	0.0217049909808514	12837000	45
20220427 115733	binary	custom	TRUE	TRUE	FALSE	-100	999983	-1	0	0	0	31	115	TRUE	0.0323919123775784	0.91366665020733	8000	1024	0.0159070877648771	12899000	46
20220427 115939	binary	custom	TRUE	TRUE	FALSE	-100	999983	-1	0	0	0	31	565	TRUE	0.0136017784028695	0.797945084881929	8000	246	0.0169398660134496	13061000	47
20220427 120006	binary	custom	TRUE	TRUE	FALSE	-100	999983	-1	0	0	0	31	65	TRUE	0.115403486284366	0.910764861450547	5916	283	0.0169103959444746	13232000	48
20220427 120351	binary	custom	TRUE	TRUE	FALSE	-100	999983	-1	0	0	0	31	763	TRUE	0.0100619194685874	0.249916560567623	5708	1023	0.0168363749787293	13334000	49
20220427 120447	binary	custom	TRUE	TRUE	FALSE	-100	999983	-1	0	0	0	31	192	TRUE	0.0804771077866169	0.200776532567642	8000	300	0.016838422693144	13334000	50
20220427 120833	binary	custom	TRUE	TRUE	FALSE	-100	999983	-1	0	0	0	31	531	TRUE	0.0102084799330285	0.730981864332721	2264	153	0.0143596302927753	13648000	51
20220427 120846	binary	custom	TRUE	TRUE	FALSE	-100	999983	-1	0	0	0	31	22	TRUE	0.208870090807961	0.893875233162526	7997	370	0.0161206498503799	12999000	52
20220427 121212	binary	custom	TRUE	TRUE	FALSE	-100	999983	-1	0	0	0	31	820	TRUE	0.0113701093556525	0.216713427511664	2849	1024	0.0167983572083273	13319000	53
20220427 121414	binary	custom	TRUE	TRUE	FALSE	-100	999983	-1	0	0	0	31	329	TRUE	0.0114573171604253	0.560192088120113	4049	1023	0.0160300839305094	13787000	54
20220427 121551	binary	custom	TRUE	TRUE	FALSE	-100	999983	-1	0	0	0	31	265	TRUE	0.0171294880007535	0.93459083912057	2284	1024	0.016055122242042	13636000	55
20220427 121705	binary	custom	TRUE	TRUE	FALSE	-100	999983	-1	0	0	0	31	255	TRUE	0.0167635126083426	0.918101124834384	4216	1024	0.0156372830154961	13381000	56
20220427 121928	binary	custom	TRUE	TRUE	FALSE	-100	999983	-1	0	0	0	31	384	TRUE	0.010072007751412	0.704040631000497	2618	1024	0.0164932985402635	13655000	57
20220427 122003	binary	custom	TRUE	TRUE	FALSE	-100	999983	-1	0	0	0	31	123	TRUE	0.0721129211498776	0.355114765968185	4355	1024	0.0160887727961273	13473000	58
20220427 122051	binary	custom	TRUE	TRUE	FALSE	-100	999983	-1	0	0	0	31	213	TRUE	0.0376459811088993	0.220874561862091	4052	175	0.0170699550884231	13416000	59
20220427 122104	binary	custom	TRUE	TRUE	FALSE	-100	999983	-1	0	0	0	31	19	TRUE	0.259327845642242	0.576800224745403	7996	1015	0.0164554031201119	12667000	60
20220427 122121	binary	custom	TRUE	TRUE	FALSE	-100	999983	-1	0	0	0	31	41	TRUE	0.0997714347674375	0.687981312762031	7998	450	0.0245756426289869	11959000	61
20220427 122136	binary	custom	TRUE	TRUE	FALSE	-100	999983	-1	0	0	0	31	56	TRUE	0.189012503161531	0.760764567694457	6652	179	0.0159525707210837	13002000	62
20220427 122353	binary	custom	TRUE	TRUE	FALSE	-100	999983	-1	0	0	0	31	356	TRUE	0.0110866964714862	0.784264914436889	2120	162	0.0167174134366743	13775000	63
20220427 122559	binary	custom	TRUE	TRUE	FALSE	-100	999983	-1	0	0	0	31	352	TRUE	0.0119628309850034	0.878440888697776	2534	1024	0.0111199130212726	12644000	64
20220427 122829	binary	custom	TRUE	TRUE	FALSE	-100	999983	-1	0	0	0	31	513	TRUE	0.0122615921398643	0.756123861673333	2364	155	0.0239982630776922	12759000	65
20220427 123046	binary	custom	TRUE	TRUE	FALSE	-100	999983	-1	0	0	0	31	331	TRUE	0.0101165061467459	0.999769072795002	2359	868	0.0179571089577139	13137000	66
20220427 123105	binary	custom	TRUE	TRUE	FALSE	-100	999983	-1	0	0	0	31	66	TRUE	0.097998310801789	0.212137946821384	2356	17	0.0157890879859187	13556000	67
20220427 123123	binary	custom	TRUE	TRUE	FALSE	-100	999983	-1	0	0	0	31	56	TRUE	0.112736137944882	0.260370915616197	4855	239	0.0155963371752919	13513000	68
20220427 123138	binary	custom	TRUE	TRUE	FALSE	-100	999983	-1	0	0	0	31	60	TRUE	0.209425508349615	0.845901288021776	2397	16	0.0184479976207476	12779000	69
20220427 123509	binary	custom	TRUE	TRUE	FALSE	-100	999983	-1	0	0	0	31	918	TRUE	0.0100537233490802	0.502636197790735	4191	1018	0.0194634485497651	13342000	70
20220427 123524	binary	custom	TRUE	TRUE	FALSE	-100	999983	-1	0	0	0	31	29	TRUE	0.158545963764365	0.200423949865498	5523	300	0.018803933618912	12990000	71
20220427 123535	binary	custom	TRUE	TRUE	FALSE	-100	999983	-1	0	0	0	31	26	TRUE	0.299464057105551	0.673771061542419	5145	16	0.0308085861850765	11154000	72
20220427 123625	binary	custom	TRUE	TRUE	FALSE	-100	999983	-1	0	0	0	31	161	TRUE	0.0330864384059887	0.574109140539413	4889	499	0.0159987725596262	13428000	73
20220427 123641	binary	custom	TRUE	TRUE	FALSE	-100	999983	-1	0	0	0	31	62	TRUE	0.131638410956698	0.20339392271631	7980	1014	0.0160523378999452	13585000	74
20220427 123707	binary	custom	TRUE	TRUE	FALSE	-100	999983	-1	0	0	0	31	95	TRUE	0.13213787189556	0.551705247475347	5219	970	0.0155578674209353	13322000	75
20220427 123740	binary	custom	TRUE	TRUE	FALSE	-100	999983	-1	0	0	0	31	105	TRUE	0.0502828596485234	0.443549159732193	2303	16	0.0153873596105721	13290000	76
20220427 123756	binary	custom	TRUE	TRUE	FALSE	-100	999983	-1	0	0	0	31	60	TRUE	0.11990309307737	0.200797929205805	8000	517	0.0155943851757813	13077000	77
20220427 124219	binary	custom	TRUE	TRUE	FALSE	-100	999983	-1	0	0	0	31	1263	TRUE	0.0104230133229295	0.201560171543405	2283	197	0.0165802908412033	13469000	78
20220427 124239	binary	custom	TRUE	TRUE	FALSE	-100	999983	-1	0	0	0	31	75	TRUE	0.100342383366334	0.841096669326624	2317	16	0.0190084060453567	13016000	79
20220427 124251	binary	custom	TRUE	TRUE	FALSE	-100	999983	-1	0	0	0	31	30	TRUE	0.289333453732444	0.20641161293163	6002	16	0.0175472315793207	12837000	80
20220427 124301	binary	custom	TRUE	TRUE	FALSE	-100	999983	-1	0	0	0	31	18	TRUE	0.299820332102535	0.996619690120556	7661	417	0.0200206803940554	13030000	81
20220427 124314	binary	custom	TRUE	TRUE	FALSE	-100	999983	-1	0	0	0	31	23	TRUE	0.222521223581797	0.999307394061705	5623	449	0.0181852734004051	12568000	82
20220427 124324	binary	custom	TRUE	TRUE	FALSE	-100	999983	-1	0	0	0	31	16	TRUE	0.299868568969429	0.993747687897437	7994	110	0.0171327855646156	12369000	83
20220427 124335	binary	custom	TRUE	TRUE	FALSE	-100	999983	-1	0	0	0	31	19	TRUE	0.299331506990583	0.998970885290152	7995	370	0.0309659980930137	11426000	84
20220427 124346	binary	custom	TRUE	TRUE	FALSE	-100	999983	-1	0	0	0	31	29	TRUE	0.299732412814387	0.201203385866361	7995	730	0.0235388660986039	12633000	85
20220427 124759	binary	custom	TRUE	TRUE	FALSE	-100	999983	-1	0	0	0	31	354	TRUE	0.0103399751516414	0.60290424599059	1056	1024	0.015427965413833	13804000	86
20220427 124844	binary	custom	TRUE	TRUE	FALSE	-100	999983	-1	0	0	0	31	16	TRUE	0.0741240951561347	0.831935587663146	736	161	0.0158648335662145	12899000	87
20220427 125157	binary	custom	TRUE	TRUE	FALSE	-100	999983	-1	0	0	0	31	401	TRUE	0.0100183839801131	0.574801194223205	1967	1023	0.0153918945688759	13634000	88
20220427 130450	binary	custom	TRUE	TRUE	FALSE	-100	999983	-1	0	0	0	31	56	TRUE	0.0107998207952242	0.960000902619746	17	1024	0.0160367734612695	4111000	89
20220427 130830	binary	custom	TRUE	TRUE	FALSE	-100	999983	-1	0	0	0	31	411	TRUE	0.010021441905514	0.578101386704374	1115	79	0.0175966345687093	13703000	90
20220427 130912	binary	custom	TRUE	TRUE	FALSE	-100	999983	-1	0	0	0	31	47	TRUE	0.0744522969919985	0.514948342262419	1315	1024	0.0163917063065995	13201000	91
20220427 130929	binary	custom	TRUE	TRUE	FALSE	-100	999983	-1	0	0	0	31	41	TRUE	0.239554179627067	0.20034783869103	2809	151	0.015374907571436	12303000	92
20220427 131349	binary	custom	TRUE	TRUE	FALSE	-100	999983	-1	0	0	0	31	654	TRUE	0.0100852138364553	0.28226008120717	1203	1022	0.0156140682617565	13427000	93
20220427 131611	binary	custom	TRUE	TRUE	FALSE	-100	999983	-1	0	0	0	31	819	TRUE	0.0100420553852331	0.94059372454555	6265	204	0.0172245236719474	12965000	94
20220427 131726	binary	custom	TRUE	TRUE	FALSE	-100	999983	-1	0	0	0	31	503	TRUE	0.0204846733431812	0.206209491934947	7983	17	0.0164165171680858	13401000	95
20220427 132119	binary	custom	TRUE	TRUE	FALSE	-100	999983	-1	0	0	0	31	382	TRUE	0.0104686973541145	0.519491855675908	1313	1024	0.0331315750735462	10666000	96
20220427 132518	binary	custom	TRUE	TRUE	FALSE	-100	999983	-1	0	0	0	31	384	TRUE	0.0111460397424717	0.614543685213955	1227	615	0.0162542025310905	13782000	97
20220427 132532	binary	custom	TRUE	TRUE	FALSE	-100	999983	-1	0	0	0	31	31	TRUE	0.299689087418284	0.995242027238126	6412	1024	0.0165371095290702	12675000	98
20220427 132553	binary	custom	TRUE	TRUE	FALSE	-100	999983	-1	0	0	0	31	51	TRUE	0.299944989178819	0.988553509761723	3461	1024	0.0163514921693774	11824000	99
20220427 132622	binary	custom	TRUE	TRUE	FALSE	-100	999983	-1	0	0	0	31	92	TRUE	0.0767765619444736	0.200157461239033	6100	24	0.0156984911558513	13173000	100
20220427 132638	binary	custom	TRUE	TRUE	FALSE	-100	999983	-1	0	0	0	31	29	TRUE	0.155003292839359	0.998809224988975	7494	1023	0.0162474684337788	13236000	101
20220427 132856	binary	custom	TRUE	TRUE	FALSE	-100	999983	-1	0	0	0	31	496	TRUE	0.0183739696341751	0.464152439264596	3896	572	0.0171814221441112	13647000	102
20220427 133009	binary	custom	TRUE	TRUE	FALSE	-100	999983	-1	0	0	0	31	147	TRUE	0.0258689092257253	0.604935396581175	3629	1024	0.016142162903447	13604000	103
20220427 133218	binary	custom	TRUE	TRUE	FALSE	-100	999983	-1	0	0	0	31	697	TRUE	0.0204922849521174	0.221121534097498	7524	204	0.0165135169736276	13312000	104
20220427 133239	binary	custom	TRUE	TRUE	FALSE	-100	999983	-1	0	0	0	31	51	TRUE	0.117174128580529	0.887033674403932	6225	1024	0.015862824272148	13052000	105
20220427 133255	binary	custom	TRUE	TRUE	FALSE	-100	999983	-1	0	0	0	31	31	TRUE	0.299417619210667	0.997596091760783	7996	802	0.0164974595367914	12536000	106
20220427 133503	binary	custom	TRUE	TRUE	FALSE	-100	999983	-1	0	0	0	31	798	TRUE	0.01204726456134	0.957357077653534	1064	16	0.049871369212035	7852000	107
20220427 133600	binary	custom	TRUE	TRUE	FALSE	-100	999983	-1	0	0	0	31	60	TRUE	0.0668774725431608	0.650583232345327	1232	192	0.0160466617444744	13249000	108
20220427 133719	binary	custom	TRUE	TRUE	FALSE	-100	999983	-1	0	0	0	31	133	TRUE	0.0292563010277012	0.589723509909038	2351	608	0.0173184927979159	13426000	109
20220427 133948	binary	custom	TRUE	TRUE	FALSE	-100	999983	-1	0	0	0	31	450	TRUE	0.0101442629254447	0.737432451130368	4136	205	0.016538863723542	13252000	110
20220427 134159	binary	custom	TRUE	TRUE	FALSE	-100	999983	-1	0	0	0	31	524	TRUE	0.0105520824196198	0.200722289768498	4521	503	0.0303272291050592	11515000	111
20220427 134228	binary	custom	TRUE	TRUE	FALSE	-100	999983	-1	0	0	0	31	62	TRUE	0.122160861214636	0.494890937682864	4315	458	0.0163048864397902	13333000	112
20220427 134425	binary	custom	TRUE	TRUE	FALSE	-100	999983	-1	0	0	0	31	625	TRUE	0.0161707045788033	0.202770836093766	2692	18	0.0179285301609595	13562000	113
20220427 134441	binary	custom	TRUE	TRUE	FALSE	-100	999983	-1	0	0	0	31	48	TRUE	0.206802446050734	0.200214051007133	7646	951	0.0175120204365759	12661000	114
20220427 134730	binary	custom	TRUE	TRUE	FALSE	-100	999983	-1	0	0	0	31	636	TRUE	0.010170764976985	0.223542242871756	886	30	0.0157160518106181	13418000	115
20220427 134751	binary	custom	TRUE	TRUE	FALSE	-100	999983	-1	0	0	0	31	60	TRUE	0.093861069102351	0.999931337993569	7663	255	0.0160565346468624	13165000	116
20220427 134838	binary	custom	TRUE	TRUE	FALSE	-100	999983	-1	0	0	0	31	134	TRUE	0.071861717953182	0.334248025983922	5870	405	0.0160659695890723	13244000	117
20220427 134904	binary	custom	TRUE	TRUE	FALSE	-100	999983	-1	0	0	0	31	137	TRUE	0.299592023517349	0.990891090241913	6419	237	0.00833496629593788	11925000	118
20220427 134916	binary	custom	TRUE	TRUE	FALSE	-100	999983	-1	0	0	0	31	23	TRUE	0.299390212950419	0.20498213240635	7991	16	0.0499710710983245	7671000	119
20220427 135349	binary	custom	TRUE	TRUE	FALSE	-100	999983	-1	0	0	0	31	478	TRUE	0.0100603147492084	0.207257913166448	1030	691	0.0162170729554215	13312000	120
