fecha	gamma	alpha	lambda	subsample	tree_method	grow_policy	max_bin	max_leaves	scale_pos_weight	eta	colsample_bytree	min_child_weight	max_depth	prob_corte	nrounds	ganancia	iteracion
20220427 184020	0	0	0	1	auto	depthwise	256	0	1	0.269355900237802	0.608833802528679	3	11	0.0305823470334872	4	9448000	1
20220427 184537	0	0	0	1	auto	depthwise	256	0	1	0.187462825400638	0.708562422087416	9	25	0.0445291886790074	19	7016000	2
20220427 184716	0	0	0	1	auto	depthwise	256	0	1	0.254902945736307	0.344964181659743	9	5	0.0238160429211954	51	10800000	3
20220427 185526	0	0	0	1	auto	depthwise	256	0	1	0.122673524974729	0.786763029778376	2	15	0.0163429004707723	35	10578000	4
20220427 185940	0	0	0	1	auto	depthwise	256	0	1	0.167303346809233	0.529518113946542	8	30	0.0345038021885557	9	8317000	5
20220427 191828	0	0	0	1	auto	depthwise	256	0	1	0.0616402050319593	0.95411612582393	3	14	0.0326699669468023	93	9948000	6
20220427 192142	0	0	0	1	auto	depthwise	256	0	1	0.183121170684462	0.587885245708749	4	6	0.020434545011085	27	11347000	7
20220427 192723	0	0	0	1	auto	depthwise	256	0	1	0.133375060386839	0.458152924757451	5	17	0.0359558596363058	29	8873000	8
20220427 193011	0	0	0	1	auto	depthwise	256	0	1	0.275249390645302	0.381823952123523	6	19	0.00909025102446321	7	10861000	9
20220427 193355	0	0	0	1	auto	depthwise	256	0	1	0.202665143788443	0.857712786225602	10	8	0.0489888917184241	23	7546000	10
20220427 195249	0	0	0	1	auto	depthwise	256	0	1	0.148059381080791	0.891257329871878	9	20	0.0251308870235031	15	10955000	12
20220427 195709	0	0	0	1	auto	depthwise	256	0	1	0.281680153478403	0.747514171274379	8	28	0.0347714802982712	4	8072000	13
20220427 200504	0	0	0	1	auto	depthwise	256	0	1	0.0431199175558286	0.343796511460096	7	29	0.016669117656905	48	12723000	14
20220427 201155	0	0	0	1	auto	depthwise	256	0	1	0.184510103671695	0.812592480285093	4	28	0.0406469053797385	8	6667000	15
20220427 202029	0	0	0	1	auto	depthwise	256	0	1	0.0815807286138879	0.640429462846369	2	10	0.0282735142318415	93	9747000	16
20220427 202354	0	0	0	1	auto	depthwise	256	0	1	0.156365306223743	0.4181704861857	5	11	0.0459387990573305	23	6681000	17
20220427 202641	0	0	0	1	auto	depthwise	256	0	1	0.222014470259659	0.29566872516647	4	22	0.0164219305030808	8	10343000	18
20220427 203037	0	0	0	1	auto	depthwise	256	0	1	0.116214363170671	0.517709785886109	5	12	0.0131881353765493	10	11782000	19
20220427 203410	0	0	0	1	auto	depthwise	256	0	1	0.241988620897406	0.578009126773104	9	17	0.0367388244858982	12	8295000	20
20220427 203536	0	0	0	1	auto	depthwise	256	0	1	0.201200647366699	0.617263071415946	1	3	0.0449464202354041	16	8642000	21
20220427 203746	0	0	0	1	auto	depthwise	256	0	1	0.137766553795431	0.223800330134109	1	7	0.0212624776890152	45	10566000	22
20220427 210254	0	0	0	1	auto	depthwise	256	0	1	0.0259003494187491	0.936939069293439	6	15	0.0488056637050856	131	7471000	23
20220427 210955	0	0	0	1	auto	depthwise	256	0	1	0.0925296167134074	0.550239231437445	0	18	0.0329574526263362	5	1446000	24
20220427 211650	0	0	0	1	auto	depthwise	256	0	1	0.107009146662778	0.772438864661381	10	24	0.022920574961851	20	10839000	25
20220427 211849	0	0	0	1	auto	depthwise	256	0	1	0.286289922899683	0.47430069193244	10	8	0.0193378326264792	12	11750000	26
20220427 212233	0	0	0	1	auto	depthwise	256	0	1	0.0650386825245805	0.70732478775084	1	5	0.00955186433566269	15	12292000	27
20220427 212627	0	0	0	1	auto	depthwise	256	0	1	0.180585221203044	0.978853592807427	7	2	0.0384433477282679	183	9569000	28
20220427 212938	0	0	0	1	auto	depthwise	256	0	1	0.26683072612097	0.377812910703942	3	26	0.0423719761087947	5	6340000	29
20220427 214148	0	0	0	1	auto	depthwise	256	0	1	0.0178820340130478	0.243868289245293	6	15	0.0305840091765276	173	10659000	30
20220427 214732	0	0	0	1	auto	depthwise	256	0	1	0.251358106087311	0.852657416565344	2	21	0.0121246248900813	3	8583000	31
20220427 220305	0	0	0	1	auto	depthwise	256	0	1	0.0100746225790399	0.364020401154039	7	4	0.0183635681730169	632	13598000	32
20220427 222456	0	0	0	1	auto	depthwise	256	0	1	0.0101462657966799	0.806986529404326	3	2	0.0184209884914265	1085	12656000	33
20220427 230207	0	0	0	1	auto	depthwise	256	0	1	0.0100569157232484	0.750422988950007	7	8	0.0203088557692833	477	12753000	34
20220427 231212	0	0	0	1	auto	depthwise	256	0	1	0.0113671605285498	0.248287812103258	6	2	0.0247976008166594	985	12447000	35
20220427 231945	0	0	0	1	auto	depthwise	256	0	1	0.0108490399683727	0.200394489145458	8	7	0.0083576183596975	41	12292000	36
20220427 233500	0	0	0	1	auto	depthwise	256	0	1	0.0135241274803487	0.201590114383395	8	20	0.016205108698301	269	13488000	37
20220427 233635	0	0	0	1	auto	depthwise	256	0	1	0.147846039720226	0.201183311539606	7	5	0.0174553047888562	57	12792000	38
20220427 235403	0	0	0	1	auto	depthwise	256	0	1	0.0100137338606364	0.469152042439312	8	3	0.0157397998942389	849	13741000	39
20220428 000618	0	0	0	1	auto	depthwise	256	0	1	0.010074308817416	0.325024771796973	9	3	0.0192639245760435	663	13269000	40
20220428 003158	0	0	0	1	auto	depthwise	256	0	1	0.0102664053700402	0.204132446818914	7	24	0.00848238741930009	64	12224000	42
20220428 005800	0	0	0	1	auto	depthwise	256	0	1	0.0112578284050393	0.402902916245895	8	14	0.0167775502474063	343	12788000	43
20220428 005901	0	0	0	1	auto	depthwise	256	0	1	0.299995124725	0.601210395273703	2	2	0.00840693093874255	17	11031000	44
20220428 012207	0	0	0	1	auto	depthwise	256	0	1	0.0102543277761453	0.99861345361832	7	3	0.013336460673947	564	13272000	45
20220428 014051	0	0	0	1	auto	depthwise	256	0	1	0.0104066955583734	0.201475347508274	7	2	0.0146146717482531	1923	13390000	46
20220428 015847	0	0	0	1	auto	depthwise	256	0	1	0.0100588076571751	0.565306971081389	7	3	0.0148862083166464	709	13618000	47
20220428 021746	0	0	0	1	auto	depthwise	256	0	1	0.0102121168547679	0.911009448985274	10	2	0.0149067550847391	815	13115000	48
20220428 023610	0	0	0	1	auto	depthwise	256	0	1	0.0104315329988234	0.416512632447024	6	5	0.0154439455428772	562	13577000	49
20220428 025609	0	0	0	1	auto	depthwise	256	0	1	0.010211058653653	0.640540841317861	8	4	0.0156119054848278	531	13553000	50
20220428 031359	0	0	0	1	auto	depthwise	256	0	1	0.010579356064753	0.200511260158512	10	30	0.0140801233563948	329	13220000	51
20220428 031906	0	0	0	1	auto	depthwise	256	0	1	0.041371492473102	0.200126768179623	10	20	0.0153367800095496	77	13038000	52
20220428 033731	0	0	0	1	auto	depthwise	256	0	1	0.0100708757203984	0.882492895518144	10	2	0.028620729643435	789	11437000	53
20220428 035754	0	0	0	1	auto	depthwise	256	0	1	0.0101794710183648	0.200372426596827	9	26	0.0172030738255605	384	12944000	54
20220428 035939	0	0	0	1	auto	depthwise	256	0	1	0.265507433092434	0.200513629936972	9	30	0.0118591206714529	9	11168000	55
20220428 040329	0	0	0	1	auto	depthwise	256	0	1	0.0446307259151998	0.419464958216881	8	3	0.0136337787152813	159	13309000	56
20220428 045617	0	0	0	1	auto	depthwise	256	0	1	0.0101530246048901	0.968643501092833	9	30	0.0122235818518163	151	13269000	57
20220428 054446	0	0	0	1	auto	depthwise	256	0	1	0.0108740015641171	0.999830926741454	9	20	0.0133118866188322	170	13026000	58
20220428 060152	0	0	0	1	auto	depthwise	256	0	1	0.01017821710795	0.45874718930906	8	2	0.0166162998741338	1300	13368000	59
20220428 061519	0	0	0	1	auto	depthwise	256	0	1	0.0101859659618739	0.982470589459292	9	2	0.0100802530499617	369	12009000	60
20220428 063056	0	0	0	1	auto	depthwise	256	0	1	0.0101500882746693	0.323946065780765	8	4	0.0157791830366916	740	13453000	61
20220428 065201	0	0	0	1	auto	depthwise	256	0	1	0.0253865392722906	0.998057689933727	5	4	0.0175953267135491	574	12983000	62
20220428 065759	0	0	0	1	auto	depthwise	256	0	1	0.0312254364249306	0.462207610424762	6	2	0.0192146073346745	427	13063000	63
20220428 065859	0	0	0	1	auto	depthwise	256	0	1	0.269694180163477	0.200823676257002	8	5	0.0277965815251973	19	10430000	64
20220428 071941	0	0	0	1	auto	depthwise	256	0	1	0.0100823328824793	0.201713931507351	4	3	0.0153665654259021	2092	13763000	65
20220428 073814	0	0	0	1	auto	depthwise	256	0	1	0.0156718782823658	0.982348328457549	10	6	0.0164450769922224	174	13080000	66
20220428 074806	0	0	0	1	auto	depthwise	256	0	1	0.0106394315180975	0.201825174259678	6	3	0.0165411825122608	726	13332000	67
20220428 080017	0	0	0	1	auto	depthwise	256	0	1	0.0100644555735087	0.218855558786609	3	3	0.0114094780426257	903	13352000	68
20220428 083026	0	0	0	1	auto	depthwise	256	0	1	0.0100729626418634	0.467420995769138	8	22	0.0146977455629715	202	13082000	69
20220428 092158	0	0	0	1	auto	depthwise	256	0	1	0.0100963060133425	0.440073436203762	4	5	0.0146032698070369	522	13731000	71
20220428 093507	0	0	0	1	auto	depthwise	256	0	1	0.010086688878457	0.457587358539167	1	2	0.0138927254153211	1021	13067000	72
20220428 093734	0	0	0	1	auto	depthwise	256	0	1	0.174992441581825	0.999132058594161	9	3	0.0155706679467581	47	13371000	73
20220428 103459	0	0	0	1	auto	depthwise	256	0	1	0.010123790534961	0.997382723346078	10	30	0.0157526899084762	218	13107000	74
20220428 104608	0	0	0	1	auto	depthwise	256	0	1	0.0264753271872978	0.998895917123498	8	3	0.0191047437877581	283	12983000	75
20220428 112712	0	0	0	1	auto	depthwise	256	0	1	0.0100305506507566	0.427692858770432	10	11	0.0258141226323696	869	11964000	76
20220428 121520	0	0	0	1	auto	depthwise	256	0	1	0.0101827730455235	0.881404054227422	10	30	0.00835834612829692	118	11978000	77
20220428 122036	0	0	0	1	auto	depthwise	256	0	1	0.0695467322028223	0.451379376274981	4	3	0.0152636443774783	253	13719000	78
20220428 122829	0	0	0	1	auto	depthwise	256	0	1	0.0385784709265013	0.382220581995228	3	3	0.0149911511238747	429	13512000	79
20220428 124021	0	0	0	1	auto	depthwise	256	0	1	0.0108353841273461	0.483509005364741	4	2	0.0154352497511217	595	13003000	80
20220428 124350	0	0	0	1	auto	depthwise	256	0	1	0.184595595306537	0.969126237191758	4	4	0.0150599147587649	37	12675000	81
20220428 124635	0	0	0	1	auto	depthwise	256	0	1	0.0732220933096896	0.201312786604677	4	4	0.0146154662931303	152	13121000	82
20220428 124846	0	0	0	1	auto	depthwise	256	0	1	0.125030379423654	0.529398827173188	7	3	0.0181376246535394	68	13194000	83
20220428 125953	0	0	0	1	auto	depthwise	256	0	1	0.010007001246761	0.201723442713419	2	5	0.0189737538169405	374	13071000	84
20220428 130152	0	0	0	1	auto	depthwise	256	0	1	0.190466643155014	0.455920613270071	10	3	0.0147580228393808	81	13170000	85
20220428 130626	0	0	0	1	auto	depthwise	256	0	1	0.168900784499679	0.872795610750242	10	7	0.0146443041234069	37	12839000	86
20220428 130825	0	0	0	1	auto	depthwise	256	0	1	0.187178388399896	0.200186054321883	9	18	0.0135133608743315	13	12447000	87
20220428 131757	0	0	0	1	auto	depthwise	256	0	1	0.0690511142865548	0.999032592759028	0	3	0.0156313195650209	289	12733000	88
20220428 143928	0	0	0	1	auto	depthwise	256	0	1	0.0100107646961814	0.999680110410908	7	30	0.0153403609093998	260	12879000	89
20220428 145024	0	0	0	1	auto	depthwise	256	0	1	0.0128740019202319	0.507380736913705	1	3	0.0199973551810867	347	12895000	90
20220428 145233	0	0	0	1	auto	depthwise	256	0	1	0.198715858087537	0.456133311656839	7	3	0.0149492853556161	119	12743000	91
20220428 145725	0	0	0	1	auto	depthwise	256	0	1	0.0714325903724604	0.58588696339172	4	5	0.0189227062421439	126	13163000	92
20220428 145919	0	0	0	1	auto	depthwise	256	0	1	0.281341588304046	0.999535028378394	10	3	0.0145026913289818	35	12425000	93
20220428 152713	0	0	0	1	auto	depthwise	256	0	1	0.0100488912588535	0.338509221351872	8	18	0.0124547119163159	352	13090000	94
20220428 154156	0	0	0	1	auto	depthwise	256	0	1	0.0100642811279564	0.215290561834445	4	9	0.0141728400824341	315	13087000	95
20220428 154628	0	0	0	1	auto	depthwise	256	0	1	0.0843674375736823	0.94559198994134	7	3	0.0149262065637291	99	13256000	96
20220428 155438	0	0	0	1	auto	depthwise	256	0	1	0.125373150074335	0.99997772893937	9	30	0.0136973663250447	11	12401000	97
20220428 161050	0	0	0	1	auto	depthwise	256	0	1	0.0100059736853748	0.441722663243493	7	6	0.0158158644169253	352	13685000	98
20220428 161247	0	0	0	1	auto	depthwise	256	0	1	0.159749313519966	0.831308930953246	10	3	0.0178670233914478	39	12485000	99
20220428 161445	0	0	0	1	auto	depthwise	256	0	1	0.105804649915584	0.453259974163202	3	3	0.0147835336710439	80	13101000	100
20220428 161754	0	0	0	1	auto	depthwise	256	0	1	0.0672416741595134	0.457513387033436	7	3	0.0157069439647113	167	13552000	101
20220428 162253	0	0	0	1	auto	depthwise	256	0	1	0.207082692495302	0.999857511882167	9	12	0.0143977173951384	17	11588000	102
20220428 164315	0	0	0	1	auto	depthwise	256	0	1	0.0101154033250026	0.202767314164057	9	30	0.0226359429264378	438	12270000	103
20220428 171237	0	0	0	1	auto	depthwise	256	0	1	0.0101439370653311	0.440930852749652	9	30	0.0141076400935991	235	13343000	104
20220428 171458	0	0	0	1	auto	depthwise	256	0	1	0.0665050890664241	0.387237110232086	4	3	0.0189291700870592	103	13366000	105
20220428 171739	0	0	0	1	auto	depthwise	256	0	1	0.106526102334667	0.200879666075923	9	30	0.0136560715088685	28	12518000	106
20220428 181529	0	0	0	1	auto	depthwise	256	0	1	0.010074518912688	0.200498646727552	0	3	0.0140706208021625	1252	13225000	107
20220428 183815	0	0	0	1	auto	depthwise	256	0	1	0.0101029274403794	0.410144357302017	9	9	0.0153776729422883	411	13466000	108
20220428 185819	0	0	0	1	auto	depthwise	256	0	1	0.0101063870921364	0.472648992107774	10	4	0.0146272399864649	816	13634000	109
20220428 190057	0	0	0	1	auto	depthwise	256	0	1	0.150102172187367	0.452149632279086	9	7	0.0148669048365209	33	12897000	110
20220428 190334	0	0	0	1	auto	depthwise	256	0	1	0.193752534119181	0.99922251924981	10	3	0.00835317658867543	55	11338000	111
20220428 195409	0	0	0	1	auto	depthwise	256	0	1	0.0100624114501945	0.948190527273284	9	9	0.0137950104379582	247	13332000	112
20220428 201626	0	0	0	1	auto	depthwise	256	0	1	0.0100300477628082	0.506697458191198	9	7	0.0143435063973454	303	13617000	113
20220428 203807	0	0	0	1	auto	depthwise	256	0	1	0.0101631374733603	0.20185889754933	5	30	0.0130850930460559	255	13075000	114
20220428 211819	0	0	0	1	auto	depthwise	256	0	1	0.0102552396990213	0.885068445843021	2	5	0.0142601713847004	840	13228000	115
20220428 212335	0	0	0	1	auto	depthwise	256	0	1	0.0623966761293258	0.853727260057513	4	4	0.014270155939282	95	13401000	116
20220428 213956	0	0	0	1	auto	depthwise	256	0	1	0.0100046378754665	0.460536429337366	7	4	0.0148602177980135	536	13558000	117
20220428 215741	0	0	0	1	auto	depthwise	256	0	1	0.0137547403945109	0.752507684543812	9	5	0.0149475659818552	352	13397000	118
20220428 222537	0	0	0	1	auto	depthwise	256	0	1	0.0102065833901288	0.974817894551767	2	3	0.012688574177922	672	13230000	119
20220428 224735	0	0	0	1	auto	depthwise	256	0	1	0.0104334132898556	0.217437170931854	9	18	0.0190424931560991	406	12762000	120
20220428 225715	0	0	0	1	auto	depthwise	256	0	1	0.0192143238033445	0.453883021321354	4	3	0.0152864828890776	471	13676000	121
20220428 231857	0	0	0	1	auto	depthwise	256	0	1	0.0101203865762492	0.476540427636835	10	8	0.0136060202252438	309	13349000	122
20220428 233706	0	0	0	1	auto	depthwise	256	0	1	0.0100302213313368	0.444155450191093	4	6	0.015416825402201	306	13518000	123
20220429 000246	0	0	0	1	auto	depthwise	256	0	1	0.01010977696397	0.491067870454274	7	10	0.0143034930928336	267	13297000	124
20220429 002422	0	0	0	1	auto	depthwise	256	0	1	0.0100564355955916	0.203038907277697	8	28	0.0130312030330035	348	13319000	125
20220429 004612	0	0	0	1	auto	depthwise	256	0	1	0.010193081679343	0.446168123162471	7	5	0.0194986050092179	703	13159000	126
20220429 005927	0	0	0	1	auto	depthwise	256	0	1	0.023002727741009	0.932934204572445	1	3	0.0225855930191986	320	12350000	127
20220429 010943	0	0	0	1	auto	depthwise	256	0	1	0.0236642085379066	0.577550779986778	4	7	0.0124909974417917	67	12995000	128
20220429 012732	0	0	0	1	auto	depthwise	256	0	1	0.0121310958484406	0.201158393339074	6	19	0.0144384661763475	239	13145000	129
20220429 015806	0	0	0	1	auto	depthwise	256	0	1	0.0176575009792566	0.743453563994635	8	18	0.0160565959884221	155	12802000	130
20220429 021641	0	0	0	1	auto	depthwise	256	0	1	0.0102172432873415	0.419908961218998	10	3	0.0152325394409335	915	13775000	131
20220429 024510	0	0	0	1	auto	depthwise	256	0	1	0.0102294348514779	0.512720175349082	7	8	0.0176496525192561	406	13075000	132
20220429 025959	0	0	0	1	auto	depthwise	256	0	1	0.0125396960053715	0.468753878038999	7	3	0.0183026680126865	624	13519000	133
